-1.2365282486732383
0.7163450134567597
1.0076237261543193
2.563146816904584
1.9651388347008687
2.7721752531607957
2.54110193969588
3.3570125209301582
3.233470832264966
3.4546207467565435
3.146643625746425
3.796338560130841
3.5683914748284113
3.2739181673079876
3.4577613685865987
3.33609445160204
4.48047022665563
4.747983044014689
4.928053928930138
4.688585498571723
4.470642660592215
3.5061498266922704
5.761619622997057
5.234930966496339
4.505832297369461
5.528022496472764
5.845697255612328
5.194868002425287
5.705918879320343
5.791458400898577
5.990094848641738
5.480160601466842
5.658561120676363
5.534040728352969
5.529051197086191
6.014823322873321
6.458098328182494
6.0217779643805684
6.525632284110607
5.885717200102211
6.317184027127244
5.442699212375106
5.958232648480417
6.537896347921699
6.907603352049959
6.388423542217249
6.440438833622533
6.348443218028484
6.235955018301544
6.765089622454294
7.124490596723858
5.943425804372046
6.482410434510872
6.568434440894129
6.853988248105223
6.945744944071734
7.10984428410767
7.23923737782901
7.2653862610687385
7.1124264026817485
7.031737633050125
5.502769926653408
6.69878980304301
6.47252559741342
7.048662167929324
6.641114294564817
6.835001539716967
7.112821089499549
7.111860621663227
7.155069156332369
7.0216369097460305
5.865958698524603
6.6058868628034855
7.033949123715403
6.7264503015581125
6.801627213503393
6.608591900252498
7.081916624319653
7.056095735564778
6.888359540070471
6.992836948936334
6.5629819283782265
6.476313027021985
7.201023341507261
7.288134877480196
7.140707180599708
7.550501323403398
7.247539564096227
7.2798679272716225
7.232177546229121
7.188134614669051
6.0634695022457725
6.951481839674071
6.6389582748398
7.174842888725108
6.580892050804712
7.35981880725212
7.181972904475975
7.085915858065249
7.463106339591922
